classID=[1
1
1
1
1
1
1
1
1
1
1
1
1
1
1
1
1
1
1
1
1
1
1
1
1
1
1
];


%classID_labels={
%};

classColors(2, :) = [0, 205, 108] / 256
classColors(1,:) = [175, 88, 186] / 256
classColors(3,:) = 0.3*[1 1 1];
